0 0
0 1
0 2
0 3
0 4
0 5
0 6
0 7
0 8
0 9
0 10
0 11
0 12
0 16
0 83
0 120
0 122
0 142
0 186
0 204
0 205
0 206
0 209
0 210
0 211
0 212
0 213
0 214
0 215
0 216
0 217
0 218
0 219
0 232
0 233
0 234
0 235
0 236
0 238
0 240
0 241
0 242
0 243
0 244
0 245
0 246
0 247
0 248
0 249
0 250
0 251
0 252
0 253
0 254
0 255
0 256
0 258
0 262
0 266
0 268
0 277
0 278
0 280
0 286
0 288
0 291
0 296
0 297
0 298
0 299
0 302
0 306
0 307
0 308
0 309
0 312
0 314
0 315
0 329
0 331
0 340
0 343
0 346
0 347
0 350
0 355
0 361
0 362
0 363
0 371
0 372
0 376
0 377
0 384
0 387
0 389
0 391
0 394
0 398
0 399
0 400
0 402
0 403
0 404
0 406
0 407
0 408
0 409
0 410
0 412
0 414
0 419
0 423
0 425
0 430
0 433
0 434
0 438
0 441
0 442
0 443
0 448
0 450
0 457
0 458
0 459
0 460
0 461
0 462
0 463
0 464
0 465
0 466
0 468
0 474
0 475
0 476
0 478
0 481
0 482
0 486
0 490
0 491
0 493
0 495
0 499
0 500
0 505
0 506
0 507
0 512
0 514
0 516
0 521
0 522
0 524
0 529
0 530
0 531
0 538
0 539
0 541
0 550
0 558
0 559
0 562
0 563
0 568
0 571
0 581
0 582
0 583
0 585
0 589
0 595
0 599
0 606
0 609
0 610
0 613
0 619
0 620
0 621
0 622
0 623
0 624
0 625
0 626
0 627
0 628
0 629
0 630
0 631
0 632
0 633
0 634
0 635
0 636
0 638
0 639
0 641
0 643
0 645
0 646
0 647
0 648
0 650
0 651
0 655
0 659
0 660
0 676
0 679
0 686
0 691
0 695
0 713
0 718
0 725
0 729
0 730
0 736
0 747
0 748
0 750
0 751
0 755
0 756
0 758
0 766
0 776
0 778
0 780
0 786
0 794
0 803
0 804
0 808
0 810
0 811
0 812
0 813
0 814
0 815
0 816
0 817
0 818
0 820
0 821
0 822
0 823
0 824
0 825
0 826
0 827
0 828
0 829
0 830
0 831
0 833
0 839
0 843
0 844
0 845
0 847
0 848
0 850
0 851
0 852
0 853
0 854
0 855
0 857
0 859
0 861
0 863
0 864
0 866
0 867
0 868
0 870
0 871
0 872
0 873
0 874
0 876
0 877
0 878
0 879
0 881
0 882
0 883
0 884
0 885
0 887
0 890
0 891
0 892
0 893
0 894
0 895
0 896
0 918
0 925
0 926
0 928
0 929
0 936
0 939
0 965
0 967
0 968
0 1016
0 1022
0 1025
0 1027
0 1028
0 1032
0 1037
0 1054
0 1067
0 1071
0 1072
0 1074
0 1075
0 1076
0 1078
0 1079
0 1080
0 1081
0 1082
0 1083
0 1084
0 1086
0 1087
0 1088
0 1089
0 1090
0 1091
0 1092
0 1093
0 1094
0 1095
0 1096
0 1097
0 1098
0 1100
0 1101
0 1102
0 1103
0 1104
0 1106
0 1109
0 1110
0 1111
0 1112
0 1113
0 1114
0 1115
0 1116
0 1118
0 1119
0 1122
0 1170
0 1172
0 1181
0 1186
0 1192
0 1194
0 1197
0 1218
0 1220
0 1233
0 1248
0 1250
0 1252
0 1272
0 1273
0 1274
0 1277
0 1282
0 1294
0 1297
0 1300
0 1309
0 1310
0 1311
0 1313
0 1314
0 1315
0 1316
0 1317
0 1318
0 1319
0 1321
0 1322
0 1323
0 1324
0 1325
0 1326
0 1347
0 1348
0 1356
0 1359
0 1361
0 1367
0 1376
0 1377
0 1378
0 1379
0 1380
0 1382
0 1383
0 1385
0 1386
0 1388
0 1389
0 1390
0 1392
0 1409
0 1430
0 1435
0 1444
0 1447
0 1558
0 1564
0 1565
0 1566
0 1567
0 1591
0 1593
0 1594
0 1595
0 1596
0 1599
0 1600
0 1601
0 1602
0 1603
0 1604
0 1605
0 1606
0 1607
0 1608
0 1609
0 1610
0 1611
0 1612
0 1613
0 1614
0 1615
0 1616
0 1617
0 1618
0 1627
0 1640
0 1654
0 1788
0 1789
0 1790
0 1791
0 1792
0 1793
0 1794
0 1795
0 1796
0 1797
0 1798
0 1799
0 1800
0 1801
0 1802
0 1803
0 1804
0 1806
0 1807
0 1808
0 1809
0 1810
0 1811
0 1812
0 1813
0 1814
0 1815
0 1816
0 1817
0 1820
0 1821
0 1822
0 1823
0 1824
0 1825
0 1826
0 1827
0 1828
0 1829
0 1830
0 1831
0 1867
0 1868
0 1869
0 1870
0 1871
0 1872
0 1873
0 1874
0 1875
0 1876
0 1877
0 1878
0 1879
0 1880
0 1881
0 1882
0 1883
0 1884
1 207
2 13
2 17
2 18
2 19
2 21
2 23
2 24
2 27
2 28
2 30
2 31
2 33
2 34
2 35
2 36
2 38
2 39
2 40
2 41
2 43
2 44
2 45
2 47
2 48
2 49
2 51
2 52
2 53
2 56
2 57
2 59
2 60
2 61
2 62
2 64
2 65
2 66
2 68
2 70
2 71
2 72
2 74
2 75
2 76
2 77
2 79
2 80
2 81
2 82
2 85
2 86
2 87
2 88
2 91
2 93
2 94
2 96
2 97
2 98
2 101
2 102
2 104
2 105
2 106
2 107
2 109
2 111
2 112
2 113
2 114
2 115
2 116
2 117
2 118
2 119
2 121
2 123
2 124
2 125
2 126
2 127
2 128
2 129
2 131
2 134
2 135
2 136
2 138
2 144
2 146
2 148
2 150
2 151
2 152
2 153
2 154
2 155
2 156
2 157
2 160
2 161
2 162
2 164
2 165
2 166
2 167
2 169
2 170
2 172
2 173
2 174
2 175
2 176
2 177
2 178
2 181
2 183
2 185
2 187
2 189
2 190
2 191
2 195
2 196
2 198
2 199
2 200
2 202
2 267
2 313
2 388
2 422
2 451
2 472
2 479
2 492
2 509
2 527
2 528
2 536
2 592
2 596
2 678
2 681
2 683
2 684
2 685
2 687
2 689
2 690
2 692
2 694
2 696
2 699
2 700
2 702
2 703
2 706
2 709
2 710
2 715
2 719
2 721
2 722
2 723
2 724
2 726
2 737
2 738
2 739
2 740
2 741
2 743
2 744
2 746
2 749
2 753
2 757
2 760
2 761
2 764
2 765
2 767
2 837
2 838
2 888
2 898
2 932
2 938
2 945
2 946
2 948
2 949
2 951
2 952
2 953
2 955
2 958
2 961
2 962
2 963
2 964
2 966
2 969
2 970
2 971
2 972
2 973
2 975
2 977
2 978
2 979
2 981
2 982
2 983
2 986
2 987
2 988
2 989
2 990
2 991
2 992
2 993
2 994
2 995
2 996
2 997
2 999
2 1003
2 1004
2 1005
2 1007
2 1008
2 1010
2 1012
2 1013
2 1014
2 1045
2 1407
2 1423
2 1424
2 1446
2 1448
2 1449
2 1450
2 1451
2 1452
2 1453
2 1455
2 1456
2 1457
2 1459
2 1460
2 1461
2 1462
2 1463
2 1464
2 1465
2 1466
2 1467
2 1468
2 1469
2 1470
2 1471
2 1472
2 1473
2 1475
2 1476
2 1478
2 1479
2 1482
2 1483
2 1484
2 1486
2 1487
2 1488
2 1489
2 1490
2 1491
2 1492
2 1493
2 1494
2 1495
2 1496
2 1497
2 1499
2 1500
2 1501
2 1502
2 1597
2 1681
2 1682
2 1683
2 1684
2 1685
2 1686
2 1687
2 1688
2 1689
2 1690
2 1691
2 1692
2 1693
2 1695
2 1696
2 1697
2 1698
2 1699
2 1700
2 1701
2 1702
2 1703
2 1704
2 1705
2 1706
2 1707
2 1708
2 1709
2 1710
2 1711
2 1712
2 1713
2 1714
2 1715
2 1716
2 1717
2 1718
2 1719
2 1720
2 1721
2 1722
2 1723
2 1724
2 1725
2 1726
2 1727
2 1728
2 1729
2 1730
2 1731
2 1732
2 1733
2 1734
2 1735
2 1736
2 1737
2 1738
2 1739
2 1740
2 1741
2 1742
2 1743
2 1744
2 1745
2 1747
2 1748
2 1749
2 1750
2 1751
2 1752
2 1754
2 1756
2 1757
2 1758
2 1759
2 1760
2 1761
2 1762
2 1885
2 1886
2 1887
2 1888
2 1889
2 1890
2 1891
2 1892
2 1893
2 1894
2 1895
2 1896
2 1897
2 1898
2 1899
2 1900
2 1901
2 1902
2 1903
2 1904
2 1905
2 1906
2 1907
2 1908
2 1909
2 1910
2 1911
2 1912
2 1913
2 1914
2 1915
2 1916
2 1917
2 1918
2 1919
2 1920
2 1921
2 1922
2 1923
2 1924
2 1925
2 1926
3 208
3 220
3 221
3 222
3 223
3 224
3 225
3 226
3 227
3 228
3 229
3 230
3 231
3 237
3 257
3 259
3 260
3 261
3 263
3 265
3 270
3 271
3 275
3 276
3 282
3 284
3 287
3 289
3 290
3 305
3 310
3 311
3 316
3 318
3 319
3 320
3 321
3 322
3 323
3 324
3 325
3 326
3 327
3 328
3 330
3 332
3 333
3 336
3 337
3 341
3 342
3 345
3 348
3 349
3 352
3 353
3 354
3 356
3 366
3 368
3 370
3 373
3 374
3 375
3 379
3 380
3 381
3 523
3 525
3 526
3 532
3 534
3 537
3 540
3 542
3 543
3 544
3 545
3 546
3 548
3 551
3 552
3 553
3 554
3 555
3 557
3 560
3 561
3 564
3 565
3 566
3 567
3 569
3 570
3 572
3 574
3 576
3 577
3 578
3 579
3 580
3 600
3 601
3 602
3 604
3 607
3 608
3 611
3 612
3 618
3 640
3 642
3 644
3 652
3 653
3 661
3 662
3 663
3 664
3 665
3 666
3 668
3 669
3 670
3 671
3 672
3 673
3 770
3 771
3 772
3 773
3 774
3 775
3 777
3 779
3 781
3 782
3 783
3 784
3 785
3 787
3 788
3 790
3 791
3 792
3 793
3 795
3 796
3 799
3 801
3 802
3 806
3 807
3 835
3 841
3 842
3 900
3 901
3 902
3 903
3 904
3 905
3 906
3 909
3 910
3 911
3 912
3 913
3 914
3 915
3 916
3 917
3 919
3 920
3 921
3 930
3 933
3 934
3 937
3 1017
3 1018
3 1019
3 1020
3 1021
3 1023
3 1024
3 1026
3 1029
3 1030
3 1031
3 1035
3 1036
3 1038
3 1039
3 1053
3 1058
3 1068
3 1069
3 1070
3 1117
3 1120
3 1121
3 1123
3 1124
3 1125
3 1126
3 1127
3 1128
3 1129
3 1135
3 1141
3 1159
3 1160
3 1161
3 1162
3 1164
3 1165
3 1166
3 1167
3 1168
3 1169
3 1171
3 1173
3 1174
3 1175
3 1176
3 1178
3 1179
3 1180
3 1183
3 1184
3 1185
3 1187
3 1189
3 1190
3 1191
3 1195
3 1196
3 1198
3 1199
3 1200
3 1201
3 1202
3 1204
3 1206
3 1207
3 1208
3 1209
3 1210
3 1211
3 1212
3 1213
3 1214
3 1215
3 1216
3 1217
3 1219
3 1221
3 1222
3 1223
3 1224
3 1225
3 1226
3 1227
3 1228
3 1229
3 1230
3 1231
3 1232
3 1234
3 1235
3 1236
3 1237
3 1238
3 1239
3 1240
3 1241
3 1242
3 1243
3 1244
3 1245
3 1246
3 1247
3 1249
3 1251
3 1253
3 1254
3 1257
3 1258
3 1259
3 1260
3 1261
3 1262
3 1263
3 1264
3 1265
3 1266
3 1267
3 1268
3 1269
3 1270
3 1271
3 1275
3 1276
3 1278
3 1279
3 1280
3 1281
3 1283
3 1284
3 1285
3 1286
3 1287
3 1288
3 1289
3 1290
3 1291
3 1292
3 1293
3 1295
3 1296
3 1301
3 1302
3 1303
3 1304
3 1305
3 1306
3 1307
3 1308
3 1327
3 1328
3 1329
3 1330
3 1331
3 1332
3 1333
3 1334
3 1335
3 1336
3 1337
3 1338
3 1339
3 1340
3 1341
3 1342
3 1343
3 1344
3 1345
3 1346
3 1349
3 1350
3 1352
3 1353
3 1354
3 1355
3 1357
3 1358
3 1360
3 1363
3 1365
3 1366
3 1369
3 1370
3 1371
3 1372
3 1374
3 1391
3 1393
3 1394
3 1395
3 1396
3 1397
3 1398
3 1399
3 1400
3 1401
3 1402
3 1403
3 1404
3 1405
3 1440
3 1442
3 1443
3 1445
3 1503
3 1504
3 1505
3 1506
3 1507
3 1508
3 1509
3 1510
3 1511
3 1512
3 1513
3 1514
3 1515
3 1516
3 1517
3 1518
3 1520
3 1521
3 1522
3 1523
3 1524
3 1525
3 1526
3 1527
3 1528
3 1530
3 1531
3 1532
3 1534
3 1535
3 1536
3 1537
3 1538
3 1539
3 1540
3 1541
3 1542
3 1543
3 1544
3 1545
3 1547
3 1548
3 1549
3 1550
3 1552
3 1553
3 1554
3 1555
3 1556
3 1557
3 1559
3 1560
3 1562
3 1563
3 1568
3 1569
3 1570
3 1571
3 1572
3 1573
3 1574
3 1576
3 1577
3 1578
3 1579
3 1580
3 1581
3 1582
3 1583
3 1585
3 1586
3 1587
3 1588
3 1589
3 1590
3 1592
3 1619
3 1620
3 1621
3 1622
3 1623
3 1624
3 1625
3 1626
3 1628
3 1629
3 1630
3 1631
3 1632
3 1633
3 1634
3 1635
3 1636
3 1637
3 1638
3 1639
3 1641
3 1642
3 1643
3 1644
3 1645
3 1646
3 1647
3 1649
3 1650
3 1652
3 1653
3 1655
3 1656
3 1657
3 1658
3 1659
3 1661
3 1662
3 1663
3 1664
3 1665
3 1666
3 1667
3 1668
3 1669
3 1670
3 1671
3 1673
3 1674
3 1675
3 1676
3 1677
3 1678
3 1679
3 1680
3 1763
3 1764
3 1765
3 1766
3 1767
3 1768
3 1769
3 1770
3 1771
3 1772
3 1773
3 1774
3 1775
3 1776
3 1777
3 1778
3 1779
3 1780
3 1781
3 1784
3 1785
3 1786
3 1787
3 1805
3 1832
3 1833
3 1834
3 1836
3 1837
3 1838
3 1839
3 1840
3 1841
3 1842
3 1843
3 1844
3 1845
3 1846
3 1847
3 1848
3 1849
3 1850
3 1851
3 1852
3 1853
3 1854
3 1855
3 1856
3 1857
3 1858
3 1859
3 1860
3 1861
3 1862
3 1863
3 1864
3 1865
3 1927
3 1928
3 1929
3 1930
3 1931
3 1932
3 1933
3 1934
3 1935
3 1936
3 1937
3 1938
3 1939
3 1940
3 1941
3 1942
3 1943
3 1944
3 1945
3 1946
3 1947
3 1948
3 1949
3 1950
3 1951
3 1952
3 1953
3 1954
3 1955
3 1956
3 1957
3 1958
3 1959
3 1960
3 1961
3 1962
3 1963
3 1964
3 1965
3 1966
3 1967
3 1968
3 1969
3 1970
3 1971
3 1972
3 1973
3 1974
3 1975
3 1976
3 1977
3 1978
3 1979
3 1980
3 1981
3 1982
3 1983
3 1984
3 1985
3 1986
3 1987
3 1988
3 1989
3 1990
3 1991
3 1992
3 1993
3 1994
3 1995
3 1996
3 1997
3 1998
3 1999
3 2000
3 2001
3 2002
3 2003
3 2004
3 2005
3 2006
3 2007
3 2008
3 2009
3 2010
3 2011
3 2012
3 2013
3 2014
3 2015
3 2016
3 2017
3 2018
3 2019
3 2020
3 2021
3 2022
3 2023
3 2024
3 2025
3 2026
3 2027
3 2028
3 2029
3 2030
3 2031
3 2032
3 2033
3 2034
3 2035
3 2036
3 2037
3 2038
3 2039
3 2040
3 2041
3 2042
3 2043
3 2044
3 2045
3 2046
3 2047
3 2048
3 2049
3 2050
3 2051
3 2052
3 2053
3 2054
3 2055
3 2056
3 2057
3 2058
3 2059
3 2060
3 2061
3 2062
3 2063
3 2064
3 2065
3 2066
3 2067
3 2068
3 2069
3 2070
4 14
4 15
4 20
4 22
4 25
4 26
4 29
4 32
4 37
4 42
4 46
4 50
4 54
4 55
4 58
4 63
4 67
4 69
4 73
4 78
4 84
4 89
4 90
4 92
4 95
4 99
4 100
4 103
4 108
4 110
4 130
4 132
4 133
4 137
4 139
4 140
4 141
4 143
4 145
4 147
4 149
4 158
4 159
4 163
4 168
4 171
4 179
4 180
4 182
4 184
4 188
4 192
4 193
4 194
4 197
4 201
4 203
4 239
4 264
4 269
4 272
4 273
4 274
4 279
4 281
4 283
4 285
4 292
4 293
4 294
4 295
4 300
4 301
4 303
4 304
4 317
4 334
4 335
4 338
4 339
4 344
4 351
4 357
4 358
4 359
4 360
4 364
4 365
4 367
4 369
4 378
4 382
4 383
4 385
4 386
4 390
4 392
4 393
4 395
4 396
4 397
4 401
4 405
4 411
4 413
4 415
4 416
4 417
4 418
4 420
4 421
4 424
4 426
4 427
4 428
4 429
4 431
4 432
4 435
4 436
4 437
4 439
4 440
4 444
4 445
4 446
4 447
4 449
4 452
4 453
4 454
4 455
4 456
4 467
4 469
4 470
4 471
4 473
4 477
4 480
4 483
4 484
4 485
4 487
4 488
4 489
4 494
4 496
4 497
4 498
4 501
4 502
4 503
4 504
4 508
4 510
4 511
4 513
4 515
4 517
4 518
4 519
4 520
4 533
4 535
4 547
4 549
4 556
4 573
4 575
4 584
4 586
4 587
4 588
4 590
4 591
4 593
4 594
4 597
4 598
4 603
4 605
4 614
4 615
4 616
4 617
4 637
4 649
4 654
4 656
4 657
4 658
4 667
4 674
4 675
4 677
4 680
4 682
4 688
4 693
4 697
4 698
4 701
4 704
4 705
4 707
4 708
4 711
4 712
4 714
4 716
4 717
4 720
4 727
4 728
4 731
4 732
4 733
4 734
4 735
4 742
4 745
4 752
4 754
4 759
4 762
4 763
4 768
4 769
4 789
4 797
4 798
4 800
4 805
4 809
4 819
4 832
4 834
4 836
4 840
4 846
4 849
4 856
4 858
4 860
4 862
4 865
4 869
4 875
4 880
4 886
4 889
4 897
4 899
4 907
4 908
4 922
4 923
4 924
4 927
4 931
4 935
4 940
4 941
4 942
4 943
4 944
4 947
4 950
4 954
4 956
4 957
4 959
4 960
4 974
4 976
4 980
4 984
4 985
4 998
4 1000
4 1001
4 1002
4 1006
4 1009
4 1011
4 1015
4 1033
4 1034
4 1040
4 1041
4 1042
4 1043
4 1044
4 1046
4 1047
4 1048
4 1049
4 1050
4 1051
4 1052
4 1055
4 1056
4 1057
4 1059
4 1060
4 1061
4 1062
4 1063
4 1064
4 1065
4 1066
4 1073
4 1077
4 1085
4 1099
4 1105
4 1107
4 1108
4 1130
4 1131
4 1132
4 1133
4 1134
4 1136
4 1137
4 1138
4 1139
4 1140
4 1142
4 1143
4 1144
4 1145
4 1146
4 1147
4 1148
4 1149
4 1150
4 1151
4 1152
4 1153
4 1154
4 1155
4 1156
4 1157
4 1158
4 1163
4 1177
4 1182
4 1188
4 1193
4 1203
4 1205
4 1255
4 1256
4 1298
4 1299
4 1312
4 1320
4 1351
4 1362
4 1364
4 1368
4 1373
4 1375
4 1381
4 1384
4 1387
4 1406
4 1408
4 1410
4 1411
4 1412
4 1413
4 1414
4 1415
4 1416
4 1417
4 1418
4 1419
4 1420
4 1421
4 1422
4 1425
4 1426
4 1427
4 1428
4 1429
4 1431
4 1432
4 1433
4 1434
4 1436
4 1437
4 1438
4 1439
4 1441
4 1454
4 1458
4 1474
4 1477
4 1480
4 1481
4 1485
4 1498
4 1519
4 1529
4 1533
4 1546
4 1551
4 1561
4 1575
4 1584
4 1598
4 1648
4 1651
4 1660
4 1672
4 1694
4 1746
4 1753
4 1755
4 1782
4 1783
4 1818
4 1819
4 1835
4 1866
