0 0 5.0
1 0 12.0
2 0 7.0
3 0 8.0
4 0 7.0
5 0 6.0
6 0 10.0
7 0 3.0
8 0 8.0
9 0 5.0
1 1 7.0
2 1 12.0
3 1 4.0
4 1 9.0
5 1 3.0
6 1 4.0
7 1 6.0
8 1 4.0
9 1 3.0
2 2 12.0
3 2 10.0
4 2 18.0
5 2 11.0
6 2 15.0
7 2 11.0
8 2 10.0
9 2 12.0
3 3 4.0
4 3 5.0
5 3 6.0
6 3 6.0
7 3 8.0
8 3 1.0
9 3 4.0
4 4 9.0
5 4 5.0
6 4 3.0
7 4 2.0
8 4 4.0
9 4 5.0
5 5 5.0
6 5 11.0
7 5 7.0
8 5 6.0
9 5 7.0
6 6 9.0
7 6 7.0
8 6 7.0
9 6 1.0
7 7 5.0
8 7 4.0
9 7 5.0
8 8 7.0
9 8 0.0
9 9 4.0
